309 98.0
340 103.0
1022 1.0
400 142.0
248 117.0
936 2.0
159 101.0
259 133.0
421 47.0
375 124.0
153 120.0
313 108.0
1320 1.0
392 132.0
106 55.0
344 101.0
265 101.0
249 100.0
254 84.0
261 119.0
190 103.0
197 135.0
348 109.0
342 104.0
388 123.0
479 35.0
667 10.0
350 122.0
797 3.0
11 72.0
315 111.0
23 50.0
695 4.0
148 98.0
33 32.0
362 137.0
386 139.0
310 100.0
206 105.0
62 34.0
283 123.0
186 109.0
671 11.0
122 73.0
243 104.0
214 104.0
144 120.0
680 9.0
217 118.0
494 27.0
468 48.0
207 112.0
151 96.0
149 96.0
541 25.0
625 13.0
326 121.0
496 20.0
154 114.0
366 114.0
335 118.0
389 125.0
407 59.0
220 113.0
194 111.0
131 100.0
446 46.0
78 42.0
54 29.0
353 131.0
137 84.0
319 93.0
81 43.0
271 104.0
304 107.0
120 85.0
290 120.0
231 114.0
175 103.0
376 133.0
372 123.0
228 124.0
71 35.0
345 133.0
163 116.0
126 82.0
423 54.0
229 100.0
218 112.0
247 102.0
263 107.0
139 98.0
415 60.0
20 52.0
346 95.0
504 16.0
129 89.0
293 109.0
103 51.0
223 112.0
394 119.0
359 129.0
246 110.0
530 14.0
212 108.0
397 111.0
434 49.0
358 120.0
631 5.0
132 122.0
490 24.0
317 123.0
138 84.0
399 126.0
264 86.0
361 112.0
391 123.0
478 26.0
402 84.0
378 117.0
276 136.0
384 126.0
272 136.0
297 117.0
135 87.0
97 51.0
285 121.0
16 62.0
316 111.0
266 132.0
146 96.0
145 98.0
416 54.0
355 104.0
363 132.0
79 46.0
238 114.0
176 92.0
57 40.0
204 108.0
311 113.0
110 64.0
143 108.0
53 35.0
270 113.0
278 108.0
318 93.0
331 125.0
330 125.0
349 109.0
367 118.0
295 108.0
252 112.0
152 120.0
133 87.0
157 85.0
433 45.0
183 118.0
396 133.0
234 107.0
164 105.0
185 104.0
118 81.0
213 92.0
354 118.0
26 32.0
184 108.0
301 101.0
262 118.0
260 103.0
273 122.0
323 119.0
177 104.0
284 103.0
242 116.0
365 125.0
9 50.0
170 109.0
85 42.0
352 125.0
104 55.0
171 112.0
296 93.0
195 108.0
422 51.0
370 114.0
443 39.0
156 96.0
165 107.0
447 47.0
445 40.0
193 103.0
334 97.0
569 15.0
210 114.0
324 84.0
232 111.0
373 107.0
80 44.0
398 118.0
565 17.0
294 121.0
203 101.0
64 36.0
292 125.0
633 13.0
173 130.0
401 118.0
435 51.0
187 122.0
646 6.0
279 107.0
916 3.0
755 3.0
466 29.0
322 110.0
1745 1.0
188 117.0
559 17.0
393 145.0
95 55.0
1028 1.0
477 30.0
501 27.0
819 4.0
39 26.0
114 61.0
222 126.0
112 71.0
291 104.0
368 102.0
251 100.0
328 105.0
255 104.0
320 113.0
802 7.0
404 72.0
369 111.0
113 85.0
338 102.0
336 120.0
306 111.0
87 39.0
275 112.0
200 122.0
347 103.0
199 114.0
286 100.0
50 22.0
486 35.0
325 117.0
857 2.0
35 29.0
168 92.0
332 103.0
63 32.0
454 33.0
874 3.0
536 17.0
160 97.0
82 36.0
377 111.0
224 94.0
166 108.0
134 92.0
240 98.0
607 9.0
123 87.0
451 31.0
202 100.0
169 128.0
158 88.0
40 30.0
339 103.0
182 109.0
130 91.0
107 49.0
117 90.0
426 52.0
485 27.0
98 49.0
337 89.0
205 119.0
357 119.0
307 100.0
444 33.0
269 108.0
237 106.0
305 111.0
280 90.0
161 97.0
174 124.0
221 124.0
124 99.0
502 28.0
75 26.0
116 64.0
61 36.0
395 123.0
548 14.0
601 15.0
12 90.0
364 119.0
390 121.0
879 1.0
191 88.0
196 112.0
312 113.0
17 63.0
382 104.0
72 37.0
615 14.0
383 136.0
410 66.0
101 59.0
523 23.0
609 13.0
356 107.0
89 36.0
227 112.0
178 107.0
94 40.0
225 116.0
360 128.0
51 27.0
343 120.0
48 25.0
150 109.0
267 114.0
258 103.0
155 104.0
329 120.0
128 71.0
181 112.0
1012 2.0
515 22.0
29 22.0
429 36.0
216 105.0
52 29.0
374 122.0
108 72.0
464 30.0
474 33.0
58 45.0
484 32.0
405 62.0
470 20.0
492 17.0
327 92.0
257 102.0
637 8.0
412 58.0
856 4.0
500 32.0
495 28.0
385 117.0
489 30.0
233 114.0
13 74.0
253 115.0
167 100.0
476 28.0
371 98.0
14 78.0
562 14.0
570 6.0
1206 1.0
574 19.0
179 119.0
525 17.0
250 126.0
245 107.0
701 9.0
914 1.0
208 119.0
74 31.0
875 3.0
497 24.0
379 109.0
162 98.0
236 122.0
239 122.0
721 8.0
300 126.0
761 3.0
432 46.0
885 4.0
545 13.0
219 118.0
5 13.0
440 34.0
431 51.0
119 91.0
4 23.0
463 37.0
69 34.0
21 51.0
406 71.0
666 10.0
689 5.0
321 115.0
693 6.0
274 117.0
420 48.0
115 73.0
36 20.0
408 62.0
652 7.0
442 46.0
381 110.0
333 122.0
480 23.0
887 1.0
620 8.0
241 110.0
209 120.0
403 80.0
855 3.0
180 110.0
387 117.0
226 107.0
298 95.0
244 105.0
417 44.0
465 32.0
413 53.0
647 9.0
256 93.0
448 46.0
519 17.0
136 83.0
535 23.0
198 91.0
91 35.0
488 24.0
141 114.0
341 111.0
289 113.0
940 1.0
15 66.0
514 22.0
524 14.0
99 60.0
506 17.0
901 4.0
722 6.0
627 7.0
215 109.0
589 11.0
739 4.0
125 92.0
303 121.0
92 44.0
88 42.0
277 105.0
28 27.0
192 95.0
282 100.0
419 46.0
462 33.0
567 9.0
65 22.0
895 2.0
18 82.0
140 98.0
127 80.0
105 61.0
109 72.0
302 94.0
428 42.0
268 108.0
450 27.0
441 31.0
873 4.0
314 105.0
142 113.0
68 41.0
508 25.0
546 13.0
1089 1.0
147 86.0
499 15.0
100 69.0
211 125.0
537 15.0
25 35.0
10 65.0
513 25.0
775 2.0
439 44.0
516 24.0
549 16.0
436 46.0
3 10.0
308 102.0
409 65.0
552 19.0
380 130.0
634 9.0
585 14.0
427 45.0
520 23.0
411 49.0
287 98.0
351 94.0
676 4.0
686 5.0
449 32.0
49 34.0
67 39.0
571 10.0
471 25.0
288 111.0
467 24.0
45 19.0
299 119.0
1168 1.0
6 30.0
469 29.0
460 36.0
556 11.0
56 33.0
539 12.0
979 3.0
172 97.0
55 31.0
46 35.0
770 2.0
754 7.0
719 3.0
27 31.0
111 66.0
230 96.0
472 29.0
526 18.0
737 4.0
121 59.0
189 96.0
44 31.0
414 46.0
707 6.0
37 24.0
796 2.0
8 47.0
22 49.0
425 41.0
718 5.0
531 14.0
527 18.0
235 102.0
453 30.0
493 28.0
437 47.0
93 47.0
700 9.0
550 23.0
424 49.0
588 13.0
623 7.0
751 5.0
86 36.0
661 6.0
201 101.0
60 40.0
459 37.0
507 13.0
430 44.0
418 60.0
644 7.0
551 20.0
656 3.0
558 27.0
723 5.0
859 3.0
1094 1.0
538 20.0
619 6.0
533 12.0
461 39.0
579 12.0
577 15.0
456 28.0
704 6.0
694 9.0
90 44.0
672 4.0
630 7.0
662 5.0
600 8.0
622 6.0
557 12.0
590 11.0
572 9.0
669 8.0
710 5.0
635 14.0
521 23.0
595 12.0
575 10.0
675 5.0
281 102.0
657 8.0
811 5.0
510 24.0
509 19.0
543 18.0
7 37.0
1306 1.0
512 19.0
1072 1.0
83 48.0
529 15.0
42 23.0
70 29.0
752 1.0
77 33.0
711 8.0
766 7.0
817 2.0
734 3.0
498 23.0
696 8.0
511 22.0
649 3.0
603 14.0
598 11.0
777 4.0
455 33.0
475 22.0
725 9.0
1345 1.0
659 10.0
568 18.0
883 2.0
610 11.0
898 4.0
960 2.0
641 10.0
750 4.0
624 8.0
673 6.0
616 13.0
594 12.0
629 10.0
544 9.0
542 12.0
715 5.0
800 5.0
812 3.0
632 10.0
96 55.0
832 7.0
699 4.0
713 4.0
999 1.0
19 63.0
582 11.0
808 1.0
668 4.0
482 24.0
787 4.0
740 4.0
452 28.0
621 8.0
744 7.0
660 10.0
517 15.0
705 4.0
76 30.0
605 10.0
626 8.0
743 1.0
978 3.0
491 24.0
738 4.0
653 11.0
438 34.0
602 13.0
648 8.0
827 5.0
47 24.0
30 39.0
1166 2.0
678 7.0
483 29.0
638 9.0
769 3.0
102 44.0
685 10.0
555 17.0
505 18.0
43 23.0
59 38.0
807 3.0
606 10.0
560 14.0
1581 1.0
831 2.0
783 4.0
613 7.0
583 15.0
1018 2.0
1021 4.0
658 11.0
870 5.0
681 7.0
38 18.0
864 1.0
612 11.0
457 44.0
720 5.0
554 18.0
890 3.0
636 9.0
487 19.0
587 14.0
481 20.0
584 16.0
458 31.0
747 7.0
904 3.0
591 10.0
581 14.0
655 6.0
749 5.0
473 27.0
518 23.0
32 28.0
651 8.0
1004 2.0
41 27.0
73 29.0
503 24.0
1287 1.0
706 7.0
617 12.0
553 14.0
608 7.0
34 20.0
84 27.0
604 4.0
592 13.0
66 21.0
566 17.0
640 10.0
697 5.0
24 36.0
561 15.0
698 6.0
677 7.0
1015 1.0
563 11.0
1052 2.0
944 1.0
679 6.0
650 13.0
580 9.0
534 17.0
682 4.0
703 7.0
532 14.0
845 4.0
1454 1.0
31 20.0
809 3.0
564 24.0
897 2.0
889 1.0
547 23.0
1121 1.0
1051 3.0
614 6.0
731 5.0
764 4.0
776 6.0
618 10.0
849 3.0
925 3.0
597 7.0
528 21.0
851 1.0
1017 2.0
806 2.0
712 7.0
735 2.0
573 12.0
1203 2.0
1309 1.0
709 7.0
995 1.0
882 2.0
753 5.0
1199 1.0
758 5.0
745 6.0
971 4.0
645 5.0
1035 1.0
829 5.0
2 8.0
872 2.0
1256 1.0
639 7.0
1240 1.0
692 4.0
976 4.0
847 3.0
1188 1.0
880 1.0
522 18.0
1217 2.0
1169 1.0
1593 1.0
779 4.0
756 2.0
771 3.0
593 4.0
861 1.0
840 1.0
923 3.0
576 8.0
736 6.0
803 3.0
841 3.0
540 14.0
596 5.0
599 10.0
1402 2.0
578 11.0
1288 1.0
795 3.0
805 4.0
765 4.0
825 6.0
892 1.0
665 6.0
837 1.0
1373 1.0
690 3.0
742 7.0
674 6.0
789 2.0
826 1.0
691 2.0
628 7.0
1226 1.0
663 9.0
947 3.0
683 5.0
867 3.0
757 4.0
1110 1.0
1109 1.0
938 2.0
2630 1.0
1391 1.0
1346 1.0
888 2.0
732 4.0
684 6.0
835 4.0
969 4.0
844 3.0
839 2.0
975 1.0
792 3.0
1143 1.0
654 8.0
760 3.0
729 5.0
1594 1.0
896 3.0
877 3.0
716 4.0
791 2.0
907 3.0
772 1.0
884 5.0
1541 1.0
786 2.0
1503 1.0
1210 2.0
854 2.0
726 1.0
763 5.0
664 6.0
733 2.0
774 2.0
1156 1.0
1068 1.0
688 9.0
834 2.0
1565 1.0
863 1.0
1160 1.0
858 4.0
804 3.0
708 6.0
1000 1.0
1232 1.0
782 4.0
903 2.0
869 2.0
799 5.0
917 2.0
790 1.0
781 5.0
1083 1.0
815 3.0
930 1.0
828 3.0
968 2.0
818 2.0
1330 1.0
910 1.0
762 4.0
1520 1.0
741 5.0
730 2.0
821 3.0
788 4.0
1062 1.0
886 1.0
1173 1.0
891 3.0
748 2.0
785 2.0
1136 1.0
862 1.0
784 3.0
794 3.0
801 3.0
1280 1.0
816 2.0
642 6.0
724 2.0
860 3.0
906 2.0
702 2.0
1131 1.0
670 6.0
932 2.0
1119 2.0
728 3.0
1234 1.0
881 1.0
1140 2.0
2122 1.0
922 3.0
846 3.0
1058 2.0
1065 1.0
1080 1.0
838 2.0
1619 1.0
1101 1.0
746 3.0
687 2.0
909 1.0
957 2.0
611 3.0
1108 1.0
773 4.0
778 2.0
1446 1.0
767 3.0
842 1.0
900 2.0
586 6.0
852 2.0
991 1.0
899 1.0
1001 2.0
798 5.0
959 1.0
768 1.0
1499 1.0
1030 1.0
727 4.0
759 4.0
1294 1.0
984 1.0
987 1.0
793 3.0
949 1.0
833 2.0
1610 1.0
1478 1.0
1271 1.0
1631 1.0
1113 1.0
926 2.0
1259 1.0
921 4.0
1637 1.0
850 2.0
1487 2.0
1153 1.0
1078 1.0
920 3.0
1164 1.0
853 2.0
1339 1.0
1130 1.0
1046 2.0
943 2.0
1780 1.0
871 1.0
1063 1.0
1213 1.0
1059 1.0
998 1.0
1407 1.0
1142 1.0
1144 2.0
1273 1.0
1034 1.0
1422 1.0
878 1.0
1010 1.0
1211 1.0
1326 1.0
1214 1.0
1137 1.0
911 1.0
1471 1.0
894 1.0
1107 1.0
919 1.0
1061 1.0
814 1.0
1141 1.0
927 1.0
1258 1.0
643 9.0
958 1.0
1002 1.0
1321 1.0
1322 1.0
1116 1.0
1045 1.0
983 2.0
954 1.0
1102 1.0
1266 1.0
717 3.0
1008 3.0
1060 1.0
953 1.0
1443 1.0
1031 1.0
893 1.0
824 3.0
918 1.0
1298 1.0
1792 1.0
714 2.0
1301 1.0
2860 1.0
1159 1.0
1813 1.0
1013 1.0
1390 1.0
1367 1.0
1951 1.0
1444 1.0
820 1.0
1027 1.0
964 1.0
1073 1.0
830 2.0
908 2.0
1079 2.0
945 1.0
1100 1.0
1347 1.0
1177 1.0
1029 2.0
868 1.0
848 1.0
1522 1.0
1297 1.0
961 1.0
973 1.0
924 2.0
813 2.0
1178 1.0
1009 1.0
952 1.0
1721 1.0
929 1.0
1120 1.0
951 1.0
1469 1.0
933 1.0
1269 1.0
1050 1.0
